0.67632917
0.67632509
0.67632484
0.67632401
0.67632231
0.67631946
0.67631516
0.67630916
0.6763012
0.67629107
0.67627857
0.67626356
0.67624592
0.6762254
0.67620126
0.67617529
0.6761456
0.6761162
0.67608476
0.67604996
0.67601299
0.67597416
0.67593377
0.6758921
0.67584944
0.67580603
0.67576214
0.67571743
0.67567275
0.67562918
0.67558587
0.67554332
0.67550177
0.67546148
0.67542268
0.67538563
0.67535055
0.67531768
0.6752872
0.6752593
0.6752341
0.67521169
0.6751921
0.67517531
0.67516121
0.67514964
0.67514045
0.67513453
0.67513185
0.67512822
0.67512543
0.67512473
0.67512553
0.67512825
0.67512792
0.67513087
0.67513109
0.67513435
0.6751358
0.67513508
0.67513735
0.67513563
0.67513747
0.67513461
0.67513507
0.67513222
0.67513114
0.67512993
0.67512919
0.67512941
0.67512892
0.67513118
0.67513373
0.67513644
0.6751399
0.67514091
0.67514567
0.6751509
0.67515685
0.67516293
0.67517245
0.67518183
0.67518494
0.6751916
0.67519857
0.67520055
0.6752053
0.67520969
0.67521436
0.67521839
0.67522199
0.67522594
0.6752279
0.67523131
0.67523204
0.67523483
0.67523484
0.67523624
0.67523616
0.67523709
0.67523703
0.67523662
0.67523873
0.67523683
0.67523727
0.67523707
0.67523694
0.67523838
0.67523752
0.6752372
0.67523878
0.67523803
0.67523799
0.67524199
0.67523939
0.67523999
0.67524144
0.67524464
0.67524413
0.67524757
0.67524983
0.67525338
0.67525519
0.67526037
0.67526527
0.67527193
0.6752743
0.67528037
0.67528148
0.67528664
0.67529459
0.6753048
0.67530483
0.67531046
0.67531411
0.67532232
0.67532638
0.6753318
0.67533495
0.67533982
0.67534218
0.67534644
0.67534794
0.67535139
0.67535196
0.67535448
0.67535403
0.67535541
0.67535379
0.67535381
0.67535077
0.67534921
0.67534387
0.67534344
0.67533421
0.67533253
0.6753215
0.67531441
0.6753083
0.67529759
0.67528518
0.67528647
0.67527274
0.67526151
0.67525788
0.67525285
0.67524492
0.67524174
0.67523254
0.67522618
0.67522076
0.67522009
0.67520899
0.67520843
0.6752095
0.67520262
0.67520109
0.67519638
0.67519542
0.67519664
0.67519248
0.67519207
0.675191
0.67519033
0.67518993
0.67518969
0.67518959
0.67519019
0.67519056
0.67519187
0.675193
0.67519589
0.67519878
0.67520159
0.67520461
0.67521083
0.67521684
0.67522292
0.67522993
0.67523824
0.67524724
0.67525619
0.67526404
0.67527434
0.67528284
0.67529154
0.67530145
0.67531
0.67531703
0.67532439
0.67532961
0.67533514
0.67533776
0.67534223
0.67534501
0.67534686
0.67534778
0.67534742
0.6753476
0.67534639
0.67534836
0.67534298
0.67534578
0.67533819
0.67534012
0.67533376
0.675334
0.67533026
0.67533236
0.67532937
0.67533081
0.67533101
0.67533321
0.67533378
0.6753356
0.67533747
0.67533904
0.67534328
0.67534574
0.67535136
0.67535515
0.67536095
0.67536598
0.67537163
0.67537733
0.67538325
0.67538934
0.6753956
0.67540201
0.67540855
0.67541522
0.67542201
0.67542891
0.67543589
0.67544294
0.67545001
0.67545708
0.67546408
0.67547096
0.67547765
0.6754841
0.67549025
0.67549604
0.67550142
0.67550637
0.67551086
0.67551487
0.67551841
0.67552149
0.67552411
0.67552632
0.67552813
0.67552957
0.67553066
0.67553144
0.67553193
0.67553213
0.67553207
0.67553194
0.67553179
0.67553158
0.67553363
0.67553158
0.67553141
0.67553061
0.67552866
0.67552795
0.67552712
0.67552584
0.67552552
0.6755244
0.67552414
0.67552296
0.67552269
0.67552118
0.6755218
0.67551953
0.67552015
0.67551759
0.67551769
0.67551558
0.67551497
0.67551316
0.67551184
0.67551036
0.67550875
0.67550698
0.67550539
0.67550413
0.67550142
0.67549949
0.67549852
0.67549504
0.6754937
0.67549067
0.67548819
0.67548567
0.67548365
0.6754806
0.67547771
0.67547446
0.67547281
0.67546942
0.67546722
0.67546365
0.67546036
0.67545683
0.67545172
0.67545428
0.6754474
0.67544677
0.67544871
0.67544004
0.67543965
0.67542621
0.67542503
0.67542175
0.67541657
0.67541011
0.67540596
0.67540286
0.67539878
0.67539567
0.67539198
0.67538846
0.67538767
0.6753857
0.67537873
0.67537015
0.67537217
0.67535851
0.67535311
0.67534337
0.67533359
0.67532326
0.67531321
0.67530289
0.67529247
0.67528221
0.67527241
0.67526341
0.67525556
0.67524926
0.67524492
0.675243
0.67524411
0.6752495
0.67525811
0.67526819
0.67528269
0.6753019
0.67532594
0.67535458
0.6753877
0.67542525
0.67546708
0.67551295
0.67556256
0.67561556
0.67567154
0.67573007
0.67579071
0.67585303
0.67591662
0.67598113
0.67604625
0.67611174
0.67617745
0.67624328
0.67630924
0.6763754
0.67644189
0.67650891
0.67657672
0.67664558
0.67671581
0.67678769
0.67686154
0.67693763
0.67701622
0.67709751
0.67718167
0.67726882
0.67735902
0.6774523
0.67754861
0.67764788
0.67775002
0.67785486
0.67796229
0.67807214
0.67818429
0.6782986
0.678415
0.67853345
0.67865391
0.67877644
0.67890114
0.67902819
0.67915784
0.67929036
0.67942613
0.67956552
0.67970897
0.67985692
0.68000982
0.68016811
0.68033222
0.68050253
0.68067939
0.68086307
0.68105379
0.68125166
0.68145671
0.68166888
0.68188798
0.68211374
0.68234576
0.68258357
0.68282663
0.68307433
0.68332605
0.68358114
0.68383898
0.68409898
0.68436061
0.6846234
0.68488697
0.68515102
0.68541538
0.68567995
0.68594477
0.68620997
0.6864758
0.68674259
0.68701073
0.68728069
0.68755297
0.68782807
0.68810652
0.68838882
0.68867548
0.68896697
0.68926375
0.68956632
0.68987517
0.69019086
0.69051405
0.69084551
0.6911862
0.69153729
0.69190022
0.69227672
0.69266879
0.69307875
0.69350919
0.69396261
0.69444287
0.69495209
0.69549451
0.69607217
0.69668895
0.69734862
0.69805156
0.69880384
0.6996038
0.70045767
0.70136407
0.70232512
0.70334203
0.70441556
0.70554474
0.70673375
0.70797732
0.70927874
0.71063634
0.71204912
0.71351594
0.71503547
0.71660614
0.71822618
0.71989363
0.72160633
0.72336196
0.72515808
0.7269921
0.72886135
0.73076306
0.73269439
0.73465243
0.73663425
0.73863689
0.74065739
0.74269282
0.74474028
0.74679696
0.74886013
0.75092715
0.75299555
0.75506317
0.7571266
0.75918674
0.76123932
0.76328368
0.76531832
0.76734195
0.76935761
0.77135671
0.77334153
0.77531105
0.7772642
0.77919981
0.7811167
0.78301319
0.7848877
0.78673827
0.7885626
0.79035811
0.79212211
0.79385189
0.79554471
0.79719762
0.79881283
0.8003771
0.80189083
0.80335041
0.8047522
0.80609264
0.80736266
0.80857121
0.80970829
0.81077058
0.81175497
0.81265868
0.81347937
0.81421513
0.81486436
0.8154258
0.81589861
0.81628286
0.8165808
0.81679397
0.81692556
0.81697125
0.81693115
0.81680575
0.81655375
0.81625264
0.81587395
0.8154205
0.81489536
0.81430175
0.81364305
0.81292281
0.81214467
0.8113124
0.81042988
0.80950107
0.80853001
0.80752083
0.80647772
0.80540493
0.80430682
0.80318775
0.80205219
0.80090461
0.79974954
0.7985915
0.79743503
0.79628464
0.7951448
0.79401993
0.79291435
0.79183232
0.79077793
0.78975515
0.78876778
0.78781942
0.78691348
0.78605315
0.78524139
0.78448093
0.78377422
0.78312343
0.78253045
0.78199683
0.78152379
0.7811122
0.78076257
0.78047507
0.78024957
0.78008562
0.77998243
0.77993891
0.77995377
0.78002581
0.78015366
0.78033511
0.78056706
0.78083199
0.78115385
0.78151611
0.78193248
0.7823626
0.78282112
0.78330489
0.78381104
0.78433705
0.78488084
0.7854411
0.78601741
0.78661036
0.78722137
0.78785237
0.78850523
0.78918133
0.78988159
0.79060694
0.79135869
0.79223008
0.79304484
0.79389218
0.79477276
0.79568666
0.79667944
0.79765783
0.79866506
0.79969798
0.80075267
0.80182441
0.80290767
0.80399634
0.80508405
0.80616474
0.80723307
0.80828435
0.8092781
0.81027973
0.81124221
0.81215841
0.81302169
0.81382577
0.81462875
0.81530559
0.81590773
0.81643102
0.81687177
0.81722688
0.81749382
0.8176707
0.81775624
0.81774975
0.81765144
0.81746122
0.8171805
0.81681091
0.81635462
0.8158143
0.81519315
0.81449481
0.81372342
0.81288351
0.81197999
0.81101811
0.81000342
0.80894167
0.80783887
0.80672581
0.8055352
0.80434754
0.80314505
0.80193484
0.80072486
0.79952092
0.79833993
0.7971651
0.79601405
0.79489401
0.79381232
0.79277552
0.79178899
0.79085836
0.78998897
0.78916827
0.78843157
0.78777435
0.78720089
0.78671407
0.78631526
0.7860046
0.78578125
0.78565465
0.78559576
0.78561989
0.78572652
0.78591048
0.78617049
0.78650344
0.78690562
0.78737271
0.7878999
0.78848196
0.78911336
0.78978841
0.79050133
0.79124644
0.79201805
0.7928111
0.79362052
0.79444185
0.79527123
0.79610542
0.79694193
0.79778041
0.79861654
0.79945191
0.80028687
0.80112209
0.80195876
0.80279786
0.80364081
0.80448875
0.8053426
0.80620286
0.80706956
0.80794211
0.80881927
0.809699
0.81057838
0.81145358
0.81225974
0.8130984
0.81391843
0.81471509
0.81548341
0.81621833
0.81691476
0.81756773
0.81817251
0.8187247
0.81922025
0.81965545
0.82002701
0.82033215
0.82056868
0.82073446
0.82083059
0.82085645
0.82081299
0.82070183
0.82052527
0.82028606
0.81998735
0.81963247
0.81922482
0.81876781
0.81826478
0.81771897
0.81713352
0.81651209
0.81585734
0.81517246
0.81446067
0.81372517
0.81296913
0.81219568
0.81140795
0.81060905
0.80980217
0.80909804
0.80817657
0.80736348
0.80655309
0.80574731
0.80494775
0.80415582
0.80337278
0.80259967
0.80183739
0.80108695
0.80036022
0.79963801
0.79893083
0.79824043
0.79756844
0.79691077
0.79627982
0.79567017
0.79508304
0.79451967
0.79398131
0.79346927
0.79298484
0.79252938
0.79210425
0.79171078
0.7913423
0.79101681
0.79072785
0.79047699
0.79027374
0.79010122
0.78996971
0.78988102
0.78983643
0.78983715
0.78988433
0.78997919
0.79012309
0.79031758
0.79056424
0.79086461
0.79122007
0.7916317
0.79210029
0.79262618
0.79330208
0.79394501
0.79464377
0.79543668
0.79624157
0.79709394
0.79798966
0.79892388
0.79989106
0.80088506
0.80189913
0.80292612
0.80395901
0.80499225
0.80602337
0.80705213
0.80804441
0.80906002
0.81009694
0.81108758
0.81206489
0.81303069
0.81398791
0.81494056
0.81589357
0.81685257
0.81782367
